images:
  - filepath: EM2B6/266_220420_A1_Blk_xy4.5nm_GFP_rot-15deg_x14416_y17743_z12_seg.tif
    name: ROI FM (Synapse)
    napari_ref: Y
    xyres_um: 0.0034
    zres_um: 0.2
    color: green
    size: 1109


  - filepath: EM2B6/266_220420_A1_Blk_xy4.5nm_Tdt_rot-15deg_x14416_y17743_z12_seg.tif
    name: ROI FM (Neuron)
    napari_ref: Y
    xyres_um: 0.0034
    zres_um: 0.2
    color: cyan
    size: 1109

  - filepath: EM2B6/266_240530_JEM1400_Slot733_xy3.4nm_x33_y0_z43-60.tif
    name: TEM_Tomogram_Synapse
    napari_ref: N
    xyres_um: 0.0034
    zres_um: 0.2
    color: gray
    x_offmov: 0
    y_offmov: 0
    size: 960
    x_offref: 0
    y_offref: 0
    tx_segreg: 0
    ty_segreg: 0
    tz_segreg: 9.0
    x_segreg: -173
    y_segreg: 127
    z_segreg: 0
    sx_segreg: 1.1409407664453808
    sy_segreg: 1.145785025311456
    dx: 0
    dy: 0
